## stack, unstack, pivot_table

- 자료구조(datatype) 형태
- long type(tidy data) : 각 속성을 컬럼으로 표현 
- wide data(cross table : 교차표) : 하나의 속성을 갖는 데이터가 각 종류마다 서로 다른 컬럼으로 분리되어 나열함



1. stack : wide ->> long 
2. unstack : long --> wide

```python
df1 = kimchi.groupby(['판매년도','제품'])['수량'].sum()
'''  df1은 롱한 데이터
판매년도  제품  
2013  무김치     420750
      열무김치    419045
      총각김치    483735
2014  무김치     447768
      열무김치    489359
      총각김치    551613
2015  무김치     540809
      열무김치    601661
      총각김치    742150
2016  무김치     733437
      열무김치    637934
      총각김치    634155
Name: 수량, dtype: int64
'''

df2=df1.unstack()    # long --> wide 행이 컬럼이 바뀐다 대각선을 기준으로
'''  df2는 언스택해서 와이드한 데이터
제품       무김치    열무김치    총각김치
판매년도                        
2013  420750  419045  483735
2014  447768  489359  551613
2015  540809  601661  742150
2016  733437  637934  634155'''
df2.stack()          # 다시 긴, df1과 같은 모양새
```

언스택에서 (level=0)  가 있고 없고 차이는 행세 인덱스가 컬럼으로 간다

```python
df1.unstack(level=0)             # 상위레벨(2013) : 
'''
판매년도    2013    2014    2015    2016
제품                                  
무김치   420750  447768  540809  733437
열무김치  419045  489359  601661  637934
총각김치  483735  551613  742150  634155
'''

df1.unstack(level=1) 
''' 
제품       무김치    열무김치    총각김치
판매년도                        
2013  420750  419045  483735
2014  447768  489359  551613
2015  540809  601661  742150
2016  733437  637934  634155
'''
```



## pivot_table

- 교차표 작성

```python
kimchi.pivot_table(index = '판매월',      # index 방향에 배치할 컬럼명
                   columns ='판매처',     # column 방향에 배치할 컬럼명
                   values ='수량',        # 교차표에 작성할 값을 갖는 컬럼명
                   aggfunc ='sum')       # 그룹 함수
```



#### 예제) kimchi 데이터를 이용해서 연도별, 제품별, 판매금액의 총합을 교차표로 작성하세요

```python
kimchi.pivot_table(index = '판매년도', columns = "제품", values = "판매금액", aggfunc = "sum")
'''
제품           무김치        열무김치        총각김치
판매년도                                    
2013  3809133886  3416217894  4186789117
2014  4111403907  4392490590  5250364301
2015  5212738410  5859079408  7485159996
2016  6903506142  6627888927  6378374872
'''
```
